[ -3.99376147   0.05687912 -10.37113531 -10.5819415    1.9006177 7.3435504    2.23033364]
[-9.93083754 -7.11848577  7.76519389  2.03601438 -5.5206563   6.42982523 -3.40127199]
[-11.17331131  -5.63070359   5.33170908  -2.12026478   8.91767216 -11.11997538 -13.56095297]
[ -1.037585   -14.4404436  -13.11782621  -3.19957967   4.34448687 -8.04506584   1.32294681]
[-11.15833887  -4.77118836   3.57037641   6.30795117 -14.68957904 -8.6689201   -8.34394378]


[ -1.57524121 -15.09820463  -5.43431688  -8.124351    -0.17570979 0.33577646  -0.65706651]
[ -4.79386728 -11.3939731    0.64166355  -5.08265148 -11.08539641 4.08354401  -3.90140108]


74.80345295 -126.4067591    45.27379551  114.25580211 -175.66421632 65.23665813   31.46009836

53.80821206 110.44992064 161.88934213 -54.66174866  79.73559488 140.4064585   79.73622141